[1, 0] - (0.283302,-0.00914835, 1.55956)
[1, 0] - (0.291393,0.0100302, 1.55848)
[1, 0] - (0.29943,0.0237763, 1.55725)
[1, 0] - (0.307684,0.0347024, 1.55584)
[1, 0] - (0.314525,0.0427882, 1.55466)
[1, 0] - (0.321665,0.0493553, 1.55335)
[1, 0] - (0.330948,0.0569067, 1.55161)
[1, 0] - (0.33763,0.063344, 1.55016)
[1, 0] - (0.342846,0.072201, 1.54836)
[1, 0] - (0.346629,0.0816703, 1.54637)
[1, 0] - (0.349213,0.0896264, 1.54451)
[1, 0] - (0.350377,0.0983055, 1.54257)
[1, 0] - (0.350771,0.106896, 1.54046)
[1, 0] - (0.350873,0.114237, 1.53854)
[1, 0] - (0.351002,0.119677, 1.53704)
[1, 0] - (0.351077,0.123911, 1.53586)
[1, 0] - (0.351089,0.127187, 1.53497)
[1, 0] - (0.351179,0.129846, 1.53426)
[1, 0] - (0.351326,0.131969, 1.53373)
[1, 0] - (0.351503,0.133647, 1.53332)
[1, 0] - (0.351642,0.134944, 1.53302)
[1, 0] - (0.351764,0.135968, 1.53279)
[1, 0] - (0.351953,0.137001, 1.53258)
[1, 0] - (0.352131,0.137888, 1.53241)
[1, 0] - (0.352348,0.139017, 1.53225)
[1, 0] - (0.352542,0.140007, 1.53211)
[1, 0] - (0.352816,0.141101, 1.53199)
[1, 0] - (0.353321,0.143065, 1.53182)
[1, 0] - (0.353894,0.145912, 1.53164)
[1, 0] - (0.35403,0.149582, 1.53145)
[1, 0] - (0.353812,0.154458, 1.53132)
[1, 0] - (0.353356,0.159102, 1.53123)
[1, 0] - (0.352837,0.163045, 1.53118)
[1, 0] - (0.352273,0.16643, 1.53112)
[1, 0] - (0.351649,0.169713, 1.53105)
[1, 0] - (0.350917,0.172785, 1.53101)
[1, 0] - (0.350223,0.175533, 1.53095)
[1, 0] - (0.348629,0.179897, 1.53079)
[1, 0] - (0.346577,0.184319, 1.5306)
[1, 0] - (0.344294,0.188675, 1.53028)
[1, 0] - (0.342115,0.192582, 1.52992)
[1, 0] - (0.339668,0.197039, 1.52943)
[1, 0] - (0.337678,0.200485, 1.52898)
[1, 0] - (0.335873,0.203615, 1.52846)
[1, 0] - (0.33409,0.206388, 1.52792)
[1, 0] - (0.332654,0.208905, 1.52736)
[1, 0] - (0.331317,0.211126, 1.52682)
[1, 0] - (0.329924,0.213326, 1.52629)
[1, 0] - (0.3284,0.215499, 1.52576)
[1, 0] - (0.326932,0.217415, 1.52524)
[1, 0] - (0.32515,0.219375, 1.52471)
[1, 0] - (0.323162,0.221564, 1.52414)
[1, 0] - (0.321338,0.223521, 1.52363)
[1, 0] - (0.319608,0.225394, 1.52315)
[1, 0] - (0.318106,0.226962, 1.52272)
[1, 0] - (0.316784,0.228362, 1.52228)
[1, 0] - (0.315124,0.229852, 1.52174)
[1, 0] - (0.313359,0.231297, 1.52109)
[1, 0] - (0.311171,0.232845, 1.52024)
[1, 0] - (0.308784,0.234305, 1.51928)
[1, 0] - (0.306127,0.235638, 1.51818)
[1, 0] - (0.303035,0.237109, 1.51685)
[1, 0] - (0.299369,0.238615, 1.5153)
[1, 0] - (0.295674,0.239969, 1.51374)
[1, 0] - (0.292354,0.241199, 1.51228)
[1, 0] - (0.289078,0.242449, 1.51084)
[1, 0] - (0.286111,0.243631, 1.50954)
[1, 0] - (0.283403,0.244621, 1.50835)
[1, 0] - (0.278627,0.245966, 1.50677)
[1, 0] - (0.274112,0.247221, 1.50536)
[1, 0] - (0.270164,0.248405, 1.50412)
[1, 0] - (0.266735,0.249448, 1.50307)
[1, 0] - (0.264013,0.250311, 1.5022)
[1, 0] - (0.261528,0.251127, 1.50135)
[1, 0] - (0.259304,0.251843, 1.50049)
[1, 0] - (0.257354,0.25253, 1.49962)
[1, 0] - (0.255647,0.253178, 1.49876)
[1, 0] - (0.254195,0.253843, 1.49789)
[1, 0] - (0.252794,0.254746, 1.49688)
[1, 0] - (0.25149,0.255666, 1.49591)
[1, 0] - (0.250246,0.25662, 1.49494)
[1, 0] - (0.248973,0.25769, 1.49395)
[1, 0] - (0.247675,0.259035, 1.49291)
[1, 0] - (0.246367,0.260502, 1.49193)
[1, 0] - (0.244363,0.262388, 1.4908)
[1, 0] - (0.2422,0.264269, 1.48976)
[1, 0] - (0.23977,0.266176, 1.48884)
[1, 0] - (0.237161,0.267934, 1.48812)
[1, 0] - (0.234075,0.269755, 1.4875)
[1, 0] - (0.231098,0.271402, 1.487)
[1, 0] - (0.22803,0.273151, 1.48656)
[1, 0] - (0.224653,0.274992, 1.48618)
[1, 0] - (0.221308,0.276834, 1.48581)
[1, 0] - (0.218042,0.278589, 1.48545)
[1, 0] - (0.214592,0.280137, 1.48509)
[1, 0] - (0.210924,0.281588, 1.4847)
[1, 0] - (0.207595,0.282868, 1.48431)
[1, 0] - (0.204239,0.283981, 1.48391)
[1, 0] - (0.200724,0.28503, 1.4835)
[1, 0] - (0.19752,0.285899, 1.48309)
[1, 0] - (0.193951,0.286502, 1.4826)
[1, 0] - (0.190681,0.286991, 1.48208)
[1, 0] - (0.187821,0.287458, 1.48156)
[1, 0] - (0.18539,0.28789, 1.48103)
[1, 0] - (0.182956,0.288361, 1.48046)
[1, 0] - (0.180621,0.289018, 1.47985)
[1, 0] - (0.17838,0.289791, 1.47922)
[1, 0] - (0.176004,0.290548, 1.47852)
[1, 0] - (0.17314,0.291334, 1.47772)
[1, 0] - (0.169095,0.292151, 1.47679)
[1, 0] - (0.164629,0.292996, 1.47596)
[1, 0] - (0.159961,0.293928, 1.47525)
[1, 0] - (0.155789,0.294887, 1.47468)
[1, 0] - (0.151975,0.29579, 1.47419)
[1, 0] - (0.148699,0.296591, 1.47379)
[1, 0] - (0.145324,0.297413, 1.47341)
[1, 0] - (0.142171,0.298137, 1.47307)
[1, 0] - (0.1379,0.298805, 1.47265)
[1, 0] - (0.133973,0.299374, 1.4723)
[1, 0] - (0.130592,0.299802, 1.47197)
[1, 0] - (0.127341,0.30018, 1.47167)
[1, 0] - (0.123539,0.300571, 1.47144)
[1, 0] - (0.119448,0.300717, 1.47133)
[1, 0] - (0.115255,0.300669, 1.4713)
[1, 0] - (0.111528,0.30063, 1.47127)
[1, 0] - (0.108338,0.300645, 1.47121)
[1, 0] - (0.10588,0.300657, 1.47118)
[1, 0] - (0.103899,0.300692, 1.47115)
[1, 0] - (0.102134,0.30071, 1.47116)
[1, 0] - (0.100686,0.30074, 1.47117)
[1, 0] - (0.0993991,0.300793, 1.47117)
[1, 0] - (0.0981717,0.300876, 1.47118)
[1, 0] - (0.0969473,0.300967, 1.47115)
[1, 0] - (0.0957935,0.301089, 1.4711)
[1, 0] - (0.0946268,0.301283, 1.47102)
[1, 0] - (0.0934678,0.301521, 1.47091)
[1, 0] - (0.092409,0.301799, 1.47078)
[1, 0] - (0.0914289,0.3021, 1.47063)
[1, 0] - (0.0904563,0.302419, 1.47047)
[1, 0] - (0.0886134,0.302872, 1.47011)
[1, 0] - (0.0868508,0.303307, 1.46973)
[1, 0] - (0.0851593,0.303764, 1.46935)
[1, 0] - (0.0835835,0.304196, 1.46898)
[1, 0] - (0.0821496,0.30463, 1.4686)
[1, 0] - (0.0808797,0.305032, 1.46825)
[1, 0] - (0.079788,0.305423, 1.46792)
[1, 0] - (0.0788751,0.305763, 1.46763)
[1, 0] - (0.0781081,0.306066, 1.46737)
[1, 0] - (0.0774739,0.306318, 1.46713)
[1, 0] - (0.0769453,0.306528, 1.46691)
[1, 0] - (0.076492,0.306705, 1.46671)
[1, 0] - (0.076095,0.306857, 1.46651)
[1, 0] - (0.075748,0.306976, 1.46633)
[1, 0] - (0.0754529,0.307071, 1.46616)
[1, 0] - (0.0751381,0.307159, 1.46597)
[1, 0] - (0.0748538,0.307233, 1.46579)
[1, 0] - (0.0745913,0.30729, 1.46562)
[1, 0] - (0.0743548,0.30733, 1.46546)
[1, 0] - (0.0740388,0.307315, 1.46526)
[1, 0] - (0.0736909,0.307266, 1.46505)
[1, 0] - (0.0733728,0.307184, 1.46484)
[1, 0] - (0.0731038,0.307078, 1.46464)
[1, 0] - (0.0728824,0.306946, 1.46444)
[1, 0] - (0.0726966,0.306776, 1.46424)
[1, 0] - (0.0725527,0.306547, 1.46404)
[1, 0] - (0.0724817,0.306291, 1.46383)
[1, 0] - (0.0725157,0.305968, 1.4636)
[1, 0] - (0.0726273,0.305615, 1.46334)
[1, 0] - (0.0728969,0.305098, 1.46303)
[1, 0] - (0.0733479,0.304429, 1.4627)
[1, 0] - (0.0739564,0.30366, 1.46235)
[1, 0] - (0.0749445,0.302634, 1.46198)
[1, 0] - (0.0762694,0.301382, 1.46167)
[1, 0] - (0.0779101,0.300058, 1.46146)
[1, 0] - (0.0800646,0.298502, 1.46141)
[1, 0] - (0.0834903,0.296524, 1.46147)
[1, 0] - (0.0872333,0.294702, 1.46158)
[1, 0] - (0.0937042,0.292245, 1.46171)
[1, 0] - (0.0997566,0.290109, 1.4618)
[1, 0] - (0.10537,0.288407, 1.46188)
[1, 0] - (0.110365,0.286747, 1.46196)
[1, 0] - (0.115885,0.28491, 1.46182)
[1, 0] - (0.121737,0.282846, 1.4616)
[1, 0] - (0.126462,0.280985, 1.46137)
[1, 0] - (0.131152,0.279054, 1.46103)
[1, 0] - (0.136122,0.276758, 1.4606)
[1, 0] - (0.140502,0.274555, 1.46018)
[1, 0] - (0.144959,0.272423, 1.45971)
[1, 0] - (0.148832,0.270393, 1.45936)
[1, 0] - (0.151952,0.268687, 1.45915)
[1, 0] - (0.154747,0.26709, 1.45905)
[1, 0] - (0.157278,0.265732, 1.45901)
[1, 0] - (0.159765,0.26462, 1.45896)
[1, 0] - (0.163813,0.263508, 1.45873)
[1, 0] - (0.16745,0.262704, 1.45856)
[1, 0] - (0.17063,0.262063, 1.45844)
[1, 0] - (0.173621,0.261452, 1.45841)
[1, 0] - (0.176811,0.260969, 1.45845)
[1, 0] - (0.17994,0.260589, 1.45851)
[1, 0] - (0.18358,0.260245, 1.45859)
[1, 0] - (0.187551,0.259804, 1.45871)
[1, 0] - (0.1926,0.259519, 1.45874)
[1, 0] - (0.197201,0.259138, 1.45874)
[1, 0] - (0.202775,0.258478, 1.45863)
[1, 0] - (0.211334,0.257353, 1.4584)
[1, 0] - (0.219617,0.25582, 1.45807)
[1, 0] - (0.226149,0.254588, 1.45774)
[1, 0] - (0.231607,0.253525, 1.45746)
[1, 0] - (0.241278,0.251239, 1.45689)
[1, 0] - (0.248935,0.248988, 1.45657)
[1, 0] - (0.254643,0.246921, 1.45651)
[1, 0] - (0.260155,0.244527, 1.45657)
[1, 0] - (0.264468,0.242427, 1.45675)
[1, 0] - (0.268339,0.240737, 1.45702)
[1, 0] - (0.27313,0.238264, 1.45752)
[1, 0] - (0.277546,0.236271, 1.45805)
[1, 0] - (0.281363,0.234286, 1.45862)
[1, 0] - (0.285056,0.232456, 1.4592)
[1, 0] - (0.288468,0.230561, 1.45979)
[1, 0] - (0.291999,0.228556, 1.46037)
[1, 0] - (0.295384,0.226503, 1.46095)
[1, 0] - (0.298699,0.224034, 1.46175)
[1, 0] - (0.301752,0.22145, 1.46259)
[1, 0] - (0.304596,0.218771, 1.46347)
[1, 0] - (0.307586,0.216043, 1.4644)
[1, 0] - (0.310833,0.213023, 1.46536)
[1, 0] - (0.31371,0.210211, 1.46624)
[1, 0] - (0.317005,0.207139, 1.46712)
[1, 0] - (0.319644,0.204549, 1.46789)
[1, 0] - (0.321911,0.202243, 1.46857)
[1, 0] - (0.323905,0.200262, 1.46914)
[1, 0] - (0.325561,0.198543, 1.46965)
[1, 0] - (0.326982,0.197085, 1.47009)
[1, 0] - (0.328384,0.195671, 1.47057)
[1, 0] - (0.32997,0.194089, 1.4711)
[1, 0] - (0.332083,0.192143, 1.47177)
[1, 0] - (0.334397,0.190144, 1.47252)
[1, 0] - (0.336707,0.188212, 1.47327)
[1, 0] - (0.33893,0.186467, 1.47405)
[1, 0] - (0.340925,0.184896, 1.47482)
[1, 0] - (0.342657,0.183581, 1.47553)
[1, 0] - (0.344417,0.182281, 1.47636)
[1, 0] - (0.346399,0.180873, 1.47729)
[1, 0] - (0.348505,0.179351, 1.47842)
[1, 0] - (0.350887,0.177524, 1.47976)
[1, 0] - (0.353194,0.175911, 1.48106)
[1, 0] - (0.354573,0.174248, 1.48234)
[1, 0] - (0.355411,0.1725, 1.48361)
[1, 0] - (0.355815,0.170604, 1.48491)
[1, 0] - (0.355898,0.168767, 1.48614)
[1, 0] - (0.355709,0.16697, 1.48731)
[1, 0] - (0.355403,0.165358, 1.48832)
[1, 0] - (0.355068,0.164006, 1.48914)
[1, 0] - (0.354752,0.162909, 1.48979)
[1, 0] - (0.354444,0.161947, 1.49032)
[1, 0] - (0.35415,0.16111, 1.49075)
[1, 0] - (0.353883,0.160397, 1.4911)
[1, 0] - (0.353656,0.159754, 1.49138)
[1, 0] - (0.353464,0.15914, 1.49162)
[1, 0] - (0.355755,0.156898, 1.49222)
[1, 0] - (0.359216,0.154016, 1.49293)
[1, 0] - (0.363055,0.150783, 1.49374)
[1, 0] - (0.370586,0.144824, 1.49518)
[1, 0] - (0.377748,0.138609, 1.49667)
[1, 0] - (0.383197,0.132759, 1.49807)
[1, 0] - (0.38676,0.127918, 1.49922)
[1, 0] - (0.389332,0.122238, 1.50039)
[1, 0] - (0.391289,0.116018, 1.50166)
[1, 0] - (0.392539,0.109383, 1.50307)
[1, 0] - (0.394019,0.100837, 1.50481)
[1, 0] - (0.395901,0.0911401, 1.50689)
[1, 0] - (0.397433,0.0835155, 1.50869)
[1, 0] - (0.39864,0.0753659, 1.51059)
[1, 0] - (0.399535,0.0683705, 1.51244)
[1, 0] - (0.39997,0.0623472, 1.51411)
[1, 0] - (0.398614,0.0567128, 1.51593)
[1, 0] - (0.397306,0.0516969, 1.51761)
[1, 0] - (0.396228,0.0474202, 1.51903)
[1, 0] - (0.392394,0.0417305, 1.52097)
[1, 0] - (0.380399,0.0350175, 1.52354)
[1, 0] - (0.376115,0.0311911, 1.52472)
[1, 0] - (0.373385,0.0284824, 1.52558)
[1, 0] - (0.371521,0.0264721, 1.52625)
[1, 0] - (0.370115,0.0242582, 1.52693)
[1, 0] - (0.369035,0.0208349, 1.52774)
[1, 0] - (0.367987,0.0166699, 1.52858)
[1, 0] - (0.367203,0.012284, 1.5294)
[1, 0] - (0.36625,0.00846448, 1.53019)
[1, 0] - (0.365401,0.0044978, 1.53102)
[1, 0] - (0.364751,0.00122458, 1.53169)
[1, 0] - (0.36412,-0.0019872, 1.53229)
[1, 0] - (0.36302,-0.00543764, 1.53289)
[1, 0] - (0.361887,-0.00859434, 1.53339)
[1, 0] - (0.360876,-0.0109897, 1.53373)
[1, 0] - (0.360132,-0.0130594, 1.53395)
[1, 0] - (0.359352,-0.0151978, 1.53417)
[1, 0] - (0.358301,-0.0177484, 1.53443)
[1, 0] - (0.357317,-0.0204104, 1.5347)
[1, 0] - (0.356386,-0.0233017, 1.53507)
[1, 0] - (0.355454,-0.0263207, 1.53548)
[1, 0] - (0.354544,-0.0293285, 1.53594)
[1, 0] - (0.353595,-0.03246, 1.53643)
[1, 0] - (0.352957,-0.0350808, 1.53687)
[1, 0] - (0.352364,-0.0373868, 1.53726)
[1, 0] - (0.351606,-0.0394112, 1.53765)
[1, 0] - (0.350864,-0.0413529, 1.53806)
[1, 0] - (0.350088,-0.0434124, 1.53849)
[1, 0] - (0.349014,-0.0460507, 1.53907)
[1, 0] - (0.347611,-0.0499685, 1.53991)
[1, 0] - (0.346284,-0.054158, 1.54079)
[1, 0] - (0.344828,-0.0589367, 1.54171)
[1, 0] - (0.34318,-0.063679, 1.5427)
[1, 0] - (0.341681,-0.0684718, 1.54372)
[1, 0] - (0.340446,-0.0725782, 1.54463)
[0.25326, 0.74673] - (0.339171,-0.0762081, 1.54548)
[1, 0] - (0.336838,-0.0821251, 1.54719)
[1, 0] - (0.334367,-0.0882717, 1.54892)
[1, 0] - (0.332111,-0.0933196, 1.55035)
[1, 0] - (0.32981,-0.097817, 1.5516)
[1, 0] - (0.328059,-0.101158, 1.55248)
[1, 0] - (0.326621,-0.103845, 1.55309)
[1, 0] - (0.325545,-0.106196, 1.55351)
[1, 0] - (0.324606,-0.108361, 1.55379)
[1, 0] - (0.323514,-0.110443, 1.55394)
[1, 0] - (0.322345,-0.112639, 1.55398)
[1, 0] - (0.321234,-0.11451, 1.55395)
[1, 0] - (0.319805,-0.1166, 1.55387)
[1, 0] - (0.317645,-0.119183, 1.55363)
[1, 0] - (0.315338,-0.1218, 1.55335)
[1, 0] - (0.312908,-0.124153, 1.55305)
[1, 0] - (0.310357,-0.126707, 1.55272)
[1, 0] - (0.307551,-0.129315, 1.55244)
[1, 0] - (0.305052,-0.1318, 1.55219)
[1, 0] - (0.302039,-0.134901, 1.55203)
[1, 0] - (0.299192,-0.137216, 1.55195)
[1, 0] - (0.296331,-0.13938, 1.5519)
[1, 0] - (0.294003,-0.141345, 1.5518)
[1, 0] - (0.292031,-0.142998, 1.5517)
[1, 0] - (0.290235,-0.144376, 1.55157)
[1, 0] - (0.288667,-0.145494, 1.55143)
[1, 0] - (0.286353,-0.147341, 1.55113)
[1, 0] - (0.283856,-0.149543, 1.55073)
[1, 0] - (0.281029,-0.152473, 1.55028)
[1, 0] - (0.278639,-0.155037, 1.54988)
[1, 0] - (0.276172,-0.157918, 1.54951)
[1, 0] - (0.274166,-0.160333, 1.54915)
[1, 0] - (0.272691,-0.162432, 1.54882)
[1, 0] - (0.27142,-0.16408, 1.54857)
[1, 0] - (0.270212,-0.165584, 1.5483)
[0.25326, 0.74673] - (0.268634,-0.167611, 1.54807)
[1, 0] - (0.266987,-0.169558, 1.54788)
[1, 0] - (0.265046,-0.171701, 1.54774)
[1, 0] - (0.26299,-0.173841, 1.5476)
[1, 0] - (0.260915,-0.175861, 1.5475)
[1, 0] - (0.258973,-0.177671, 1.54739)
[1, 0] - (0.25696,-0.179565, 1.5473)
[1, 0] - (0.254819,-0.181657, 1.54722)
[1, 0] - (0.252856,-0.183408, 1.54711)
[1, 0] - (0.251064,-0.184855, 1.54702)
[1, 0] - (0.249544,-0.186051, 1.54691)
[1, 0] - (0.247548,-0.187649, 1.54687)
[1, 0] - (0.245125,-0.189595, 1.54694)
[1, 0] - (0.242408,-0.191634, 1.54701)
[1, 0] - (0.239933,-0.193506, 1.54704)
[1, 0] - (0.237682,-0.195146, 1.54701)
[1, 0] - (0.235096,-0.197265, 1.54693)
[1, 0] - (0.232721,-0.199392, 1.5468)
[1, 0] - (0.230488,-0.201937, 1.54651)
[1, 0] - (0.228384,-0.204669, 1.54613)
[1, 0] - (0.22636,-0.207538, 1.54564)
[1, 0] - (0.224464,-0.210579, 1.54506)
[1, 0] - (0.222779,-0.213306, 1.54445)
[1, 0] - (0.221183,-0.215788, 1.54384)
[1, 0] - (0.218935,-0.218789, 1.54313)
[1, 0] - (0.216674,-0.22185, 1.54236)
[1, 0] - (0.213883,-0.225054, 1.54172)
[1, 0] - (0.211447,-0.227558, 1.54121)
[1, 0] - (0.208422,-0.229704, 1.54086)
[1, 0] - (0.205286,-0.231408, 1.54071)
[1, 0] - (0.202725,-0.232704, 1.54065)
[1, 0] - (0.2003,-0.233639, 1.54065)
[1, 0] - (0.198063,-0.234222, 1.54074)
[1, 0] - (0.196274,-0.234631, 1.54087)
[1, 0] - (0.194929,-0.234953, 1.541)
[1, 0] - (0.193876,-0.235204, 1.54113)
[1, 0] - (0.193084,-0.235435, 1.54126)
[1, 0] - (0.192453,-0.235635, 1.5414)
[1, 0] - (0.191918,-0.235833, 1.54155)
[1, 0] - (0.191367,-0.236077, 1.54175)
[1, 0] - (0.190777,-0.236348, 1.54198)
[1, 0] - (0.190176,-0.236654, 1.54224)
[1, 0] - (0.189547,-0.237037, 1.54253)
[1, 0] - (0.188798,-0.237517, 1.54287)
[1, 0] - (0.188059,-0.238028, 1.54321)
[1, 0] - (0.187303,-0.238555, 1.54357)
[1, 0] - (0.186604,-0.239041, 1.54389)
[1, 0] - (0.186015,-0.239453, 1.54417)
[1, 0] - (0.185519,-0.239776, 1.54441)
[1, 0] - (0.185175,-0.239988, 1.5446)
[1, 0] - (0.184922,-0.240089, 1.54475)
[1, 0] - (0.184723,-0.240106, 1.54488)
[1, 0] - (0.184645,-0.239948, 1.54502)
[1, 0] - (0.18482,-0.239445, 1.54515)
[1, 0] - (0.185514,-0.238106, 1.5453)
[1, 0] - (0.186745,-0.236314, 1.5455)
[1, 0] - (0.188786,-0.233615, 1.54572)
[1, 0] - (0.191654,-0.229864, 1.54579)
[1, 0] - (0.194777,-0.225574, 1.54578)
[1, 0] - (0.197966,-0.221189, 1.54558)
[1, 0] - (0.200786,-0.214103, 1.54533)
[1, 0] - (0.203653,-0.208222, 1.54495)
[1, 0] - (0.206262,-0.203066, 1.54448)
[1, 0] - (0.208979,-0.197937, 1.54384)
[1, 0] - (0.211746,-0.193283, 1.54303)
[1, 0] - (0.214591,-0.18832, 1.5421)
[1, 0] - (0.217522,-0.183253, 1.54096)
[1, 0] - (0.222765,-0.176411, 1.53907)
[1, 0] - (0.227928,-0.169519, 1.5372)
[1, 0] - (0.233005,-0.161396, 1.53535)
[1, 0] - (0.237096,-0.154733, 1.53396)
[1, 0] - (0.240278,-0.149539, 1.53288)
[1, 0] - (0.243001,-0.144795, 1.53197)
[1, 0] - (0.245363,-0.140648, 1.5311)
[1, 0] - (0.247482,-0.137091, 1.5303)
[1, 0] - (0.250098,-0.132452, 1.52928)
[1, 0] - (0.252157,-0.128932, 1.52843)
[1, 0] - (0.253966,-0.125853, 1.52761)
[1, 0] - (0.255743,-0.121139, 1.52643)
[1, 0] - (0.257223,-0.116126, 1.52522)
[1, 0] - (0.258571,-0.109903, 1.52371)
[1, 0] - (0.260012,-0.102742, 1.52193)
[1, 0] - (0.261086,-0.0967836, 1.52038)
[1, 0] - (0.261952,-0.0912769, 1.51885)
[1, 0] - (0.262458,-0.0863432, 1.51736)
[1, 0] - (0.26275,-0.0810808, 1.51569)
[1, 0] - (0.262806,-0.0759574, 1.51393)
[1, 0] - (0.262636,-0.0695786, 1.51176)
[1, 0] - (0.262392,-0.063632, 1.50973)
[1, 0] - (0.262013,-0.051803, 1.50625)
[1, 0] - (0.261777,-0.0428397, 1.50359)
[1, 0] - (0.261514,-0.0350193, 1.50134)
[1, 0] - (0.261482,-0.0281281, 1.49941)
[1, 0] - (0.261553,-0.0221502, 1.49778)
[1, 0] - (0.261776,-0.0165466, 1.49639)
[1, 0] - (0.261807,-0.010679, 1.49515)
[1, 0] - (0.261411,-0.00295383, 1.49394)
[1, 0] - (0.260979,0.00410839, 1.49284)
[1, 0] - (0.260584,0.00963773, 1.492)
[1, 0] - (0.259934,0.0150634, 1.49113)
[1, 0] - (0.259127,0.0200634, 1.49031)
[1, 0] - (0.258018,0.0256896, 1.48932)
[1, 0] - (0.257118,0.0303017, 1.48838)
[1, 0] - (0.255983,0.0348217, 1.48743)
[1, 0] - (0.25456,0.0394421, 1.48648)
[1, 0] - (0.252754,0.0443719, 1.48545)
[1, 0] - (0.250861,0.0492808, 1.48442)
[1, 0] - (0.248731,0.0541291, 1.48336)
[1, 0] - (0.245844,0.0595228, 1.48233)
[1, 0] - (0.243468,0.0636401, 1.48153)
[1, 0] - (0.241123,0.0673408, 1.48079)
[1, 0] - (0.23893,0.0707664, 1.48006)
[1, 0] - (0.236439,0.0744211, 1.47931)
[1, 0] - (0.233497,0.0784811, 1.47858)
[1, 0] - (0.231278,0.0817029, 1.47796)
[1, 0] - (0.229467,0.0844738, 1.47744)
[1, 0] - (0.227108,0.087832, 1.47682)
[1, 0] - (0.224733,0.0913683, 1.47615)
[1, 0] - (0.222195,0.0949703, 1.4755)
[1, 0] - (0.219828,0.0983191, 1.47496)
[1, 0] - (0.217153,0.101686, 1.47458)
[1, 0] - (0.214852,0.104743, 1.47419)
[1, 0] - (0.212769,0.107592, 1.47383)
[1, 0] - (0.210771,0.110398, 1.47344)
[1, 0] - (0.208796,0.113195, 1.47304)
[1, 0] - (0.206842,0.116055, 1.47255)
[1, 0] - (0.205052,0.118672, 1.47202)
[1, 0] - (0.203329,0.121084, 1.47145)
[1, 0] - (0.201301,0.123766, 1.47072)
[1, 0] - (0.199033,0.1267, 1.46985)
[1, 0] - (0.196757,0.129491, 1.4689)
[1, 0] - (0.194256,0.132458, 1.46779)
[1, 0] - (0.191282,0.135661, 1.46652)
[1, 0] - (0.188439,0.138642, 1.46525)
[1, 0] - (0.185241,0.14214, 1.46361)
[1, 0] - (0.181934,0.145651, 1.46188)
[1, 0] - (0.1782,0.14947, 1.45999)
[1, 0] - (0.174399,0.153093, 1.45822)
[1, 0] - (0.171003,0.156306, 1.45657)
[1, 0] - (0.167495,0.159816, 1.45451)
[1, 0] - (0.163319,0.164238, 1.45163)
[1, 0] - (0.159332,0.168381, 1.4488)
[1, 0] - (0.155118,0.172772, 1.44571)
[1, 0] - (0.149687,0.177864, 1.44228)
[1, 0] - (0.145334,0.181919, 1.43949)
[1, 0] - (0.141863,0.18506, 1.43733)
[1, 0] - (0.137511,0.188477, 1.43516)
[1, 0] - (0.133564,0.191551, 1.43324)
[1, 0] - (0.13005,0.194108, 1.43163)
[1, 0] - (0.126801,0.196359, 1.43023)
[1, 0] - (0.123701,0.198372, 1.42912)
[1, 0] - (0.120341,0.200322, 1.42823)
[1, 0] - (0.116699,0.202375, 1.42747)
[1, 0] - (0.112747,0.20437, 1.42711)
[1, 0] - (0.109015,0.206186, 1.42676)
[1, 0] - (0.105636,0.207972, 1.42621)
[0, 1] - (0.102306,0.20971, 1.42548)
[0, 1] - (0.0992701,0.211265, 1.42467)
[0, 1] - (0.0965043,0.212598, 1.42391)
[0, 1] - (0.0939701,0.213705, 1.42333)
[0, 1] - (0.0914683,0.214652, 1.42305)
[0, 1] - (0.0889901,0.215486, 1.42302)
[0, 1] - (0.086494,0.216203, 1.42327)
[0, 1] - (0.0842577,0.216778, 1.4237)
[0, 1] - (0.0821993,0.217348, 1.42422)
[0, 1] - (0.0803666,0.217914, 1.42476)
[0, 1] - (0.0788079,0.21849, 1.42524)
[0, 1] - (0.0774853,0.219111, 1.4256)
[0, 1] - (0.0764307,0.219648, 1.42587)
[0, 1] - (0.0756002,0.220101, 1.42604)
[0, 1] - (0.0749018,0.220509, 1.42607)
[0, 1] - (0.0742195,0.220984, 1.42569)
[0, 1] - (0.073472,0.221614, 1.42449)
[0, 1] - (0.0728139,0.22208, 1.42286)
[0, 1] - (0.0721867,0.222276, 1.42058)
[0, 1] - (0.0715993,0.222087, 1.4169)
[0, 1] - (0.0708345,0.221465, 1.41156)
[0, 1] - (0.0700031,0.220446, 1.40583)
[0, 1] - (0.0690724,0.219209, 1.40008)
[0, 1] - (0.0676828,0.217629, 1.39346)
[0, 1] - (0.0661528,0.216045, 1.38698)
[0, 1] - (0.0641697,0.214682, 1.38045)
[0, 1] - (0.0615033,0.213274, 1.37411)
[0, 1] - (0.0576373,0.211925, 1.36717)
[0, 1] - (0.0530421,0.210777, 1.36059)
[0, 1] - (0.0477748,0.209561, 1.35448)
[0, 1] - (0.0416482,0.208563, 1.34837)
[0, 1] - (0.0346168,0.207748, 1.34219)
[0, 1] - (0.0278571,0.207011, 1.33672)
[0, 1] - (0.02135,0.206415, 1.33162)
[0, 1] - (0.0148041,0.205917, 1.32647)
[0, 1] - (0.00805836,0.205534, 1.32086)
[0, 1] - (-0.000863197,0.205025, 1.3123)
[0, 1] - (-0.00870686,0.205043, 1.30401)
[0, 1] - (-0.01447,0.204833, 1.29785)
[0, 1] - (-0.0194157,0.204451, 1.2924)
[0, 1] - (-0.0243865,0.203706, 1.28683)
[0, 1] - (-0.0296912,0.202909, 1.28018)
[0, 1] - (-0.0341219,0.20206, 1.27461)
[0, 1] - (-0.038669,0.20107, 1.26899)
[0, 1] - (-0.0431468,0.199956, 1.26361)
[0, 1] - (-0.0475162,0.19881, 1.25849)
[0, 1] - (-0.0521713,0.197529, 1.25328)
[0, 1] - (-0.0578912,0.196366, 1.24761)
[0, 1] - (-0.0653901,0.195803, 1.24039)
[0, 1] - (-0.0727592,0.195581, 1.2341)
[0, 1] - (-0.0808949,0.195819, 1.22806)
[0, 1] - (-0.0951293,0.196514, 1.22084)
[0, 1] - (-0.107985,0.197327, 1.21552)
[0, 1] - (-0.120043,0.197739, 1.2117)
[0, 1] - (-0.145047,0.197557, 1.20775)
[0, 1] - (-0.160582,0.196879, 1.20598)
[0, 1] - (-0.171738,0.195876, 1.20526)
[0, 1] - (-0.18051,0.194751, 1.20517)
[0, 1] - (-0.18881,0.193378, 1.20563)
[0, 1] - (-0.197475,0.191868, 1.20623)
[0, 1] - (-0.212419,0.190199, 1.20673)
[0, 1] - (-0.224336,0.188966, 1.207)
[0, 1] - (-0.234747,0.188411, 1.20721)
[0, 1] - (-0.24443,0.188438, 1.20717)
[0, 1] - (-0.252785,0.188794, 1.20709)
[0, 1] - (-0.260293,0.189422, 1.20708)
[0, 1] - (-0.267244,0.190192, 1.20717)
[0, 1] - (-0.273434,0.190904, 1.20742)
[0, 1] - (-0.278903,0.191519, 1.20776)
[0, 1] - (-0.285171,0.192374, 1.20805)
[0, 1] - (-0.290988,0.19308, 1.20846)
[0, 1] - (-0.296985,0.193709, 1.20886)
[0, 1] - (-0.318027,0.193685, 1.21113)
[0, 1] - (-0.330107,0.193488, 1.21239)
[0, 1] - (-0.339108,0.193221, 1.21327)
[0, 1] - (-0.345339,0.192876, 1.2138)
[0, 1] - (-0.350306,0.192421, 1.21419)
[0, 1] - (-0.354277,0.191983, 1.21446)
[0, 1] - (-0.357608,0.191435, 1.2147)
[0, 1] - (-0.360616,0.19077, 1.21492)
[0, 1] - (-0.363417,0.190037, 1.21521)
[0, 1] - (-0.366458,0.189129, 1.21559)
[0, 1] - (-0.369544,0.188122, 1.21601)
[0, 1] - (-0.372663,0.187045, 1.2165)
[0, 1] - (-0.375807,0.18602, 1.21701)
[0, 1] - (-0.379438,0.18504, 1.21768)
[0, 1] - (-0.382995,0.184219, 1.21834)
[0, 1] - (-0.386503,0.183528, 1.21905)
[0, 1] - (-0.389812,0.182924, 1.21981)
[0, 1] - (-0.393212,0.1824, 1.22074)
[0, 1] - (-0.396343,0.182077, 1.22173)
[0, 1] - (-0.399345,0.181891, 1.22279)
[0, 1] - (-0.402173,0.181849, 1.22391)
[0, 1] - (-0.404775,0.181884, 1.22503)
[0, 1] - (-0.407342,0.182018, 1.22625)
[0, 1] - (-0.40985,0.182183, 1.22754)
[0, 1] - (-0.412493,0.182392, 1.22898)
[0, 1] - (-0.41512,0.182606, 1.23047)
[0, 1] - (-0.41763,0.182784, 1.23195)
[0, 1] - (-0.419928,0.182914, 1.23331)
[0, 1] - (-0.422161,0.183022, 1.23464)
[0, 1] - (-0.424386,0.183099, 1.23591)
[0, 1] - (-0.426573,0.183154, 1.2371)
[0, 1] - (-0.428479,0.183187, 1.23814)
[0, 1] - (-0.43022,0.183194, 1.2391)
[0, 1] - (-0.432008,0.183176, 1.24004)
[0, 1] - (-0.433709,0.183122, 1.24096)
[0, 1] - (-0.435424,0.183056, 1.24189)
[0, 1] - (-0.437044,0.182932, 1.24283)
[0, 1] - (-0.438662,0.182736, 1.24379)
[0, 1] - (-0.440393,0.182436, 1.2448)
[0, 1] - (-0.442109,0.182069, 1.24581)
[0, 1] - (-0.443816,0.181661, 1.24682)
[0, 1] - (-0.445413,0.181248, 1.24779)
[0, 1] - (-0.446953,0.180858, 1.24875)
[0, 1] - (-0.448436,0.180484, 1.24973)
[0, 1] - (-0.449783,0.180142, 1.25067)
[0, 1] - (-0.450982,0.179848, 1.25156)
[0, 1] - (-0.452063,0.179572, 1.25245)
[0, 1] - (-0.453093,0.179307, 1.2534)
[0, 1] - (-0.4541,0.179014, 1.25445)
[0, 1] - (-0.45507,0.178621, 1.2557)
[0, 1] - (-0.456063,0.178089, 1.25721)
[0, 1] - (-0.45701,0.177466, 1.25889)
[0, 1] - (-0.457894,0.176736, 1.26076)
[0, 1] - (-0.458735,0.175952, 1.2628)
[0, 1] - (-0.459551,0.175105, 1.26505)
[0, 1] - (-0.460389,0.174174, 1.26758)
[0, 1] - (-0.461188,0.173137, 1.27026)
[0, 1] - (-0.461939,0.172017, 1.27296)
[0, 1] - (-0.462561,0.170909, 1.2756)
[0, 1] - (-0.463038,0.169857, 1.2781)
[0, 1] - (-0.463451,0.168703, 1.28062)
[0, 1] - (-0.463756,0.167344, 1.28314)
[0, 1] - (-0.463979,0.165869, 1.28553)
[0, 1] - (-0.464088,0.164087, 1.28794)
[0, 1] - (-0.46407,0.162062, 1.29033)
[0, 1] - (-0.464051,0.160187, 1.29235)
[0, 1] - (-0.463957,0.158071, 1.29427)
[0, 1] - (-0.463694,0.155713, 1.2961)
[0, 1] - (-0.463405,0.153434, 1.29772)
[0, 1] - (-0.463088,0.151119, 1.29928)
[0, 1] - (-0.462751,0.148598, 1.30087)
[0, 1] - (-0.462348,0.146018, 1.30242)
[0, 1] - (-0.461859,0.143394, 1.30391)
[0, 1] - (-0.461353,0.140816, 1.30532)
[0, 1] - (-0.460207,0.136572, 1.3074)
[0, 1] - (-0.459061,0.132845, 1.30912)
[0, 1] - (-0.457817,0.129492, 1.3106)
[0, 1] - (-0.45666,0.126714, 1.31173)
[0, 1] - (-0.455427,0.124276, 1.3126)
[0, 1] - (-0.454341,0.12237, 1.3132)
[0, 1] - (-0.45332,0.120846, 1.31362)
[0, 1] - (-0.452286,0.119573, 1.31391)
[0, 1] - (-0.451226,0.118517, 1.31409)
[0, 1] - (-0.450159,0.117639, 1.31417)
[0, 1] - (-0.449078,0.116918, 1.31419)
[0, 1] - (-0.447991,0.116324, 1.31416)
[0, 1] - (-0.446974,0.115851, 1.3141)
[0, 1] - (-0.446096,0.115498, 1.31401)
[0, 1] - (-0.445377,0.11524, 1.31393)
[0, 1] - (-0.444815,0.115057, 1.31381)
[0, 1] - (-0.444391,0.114926, 1.31359)
[0, 1] - (-0.44414,0.114836, 1.31307)
[0, 1] - (-0.444003,0.114751, 1.31249)
[0, 1] - (-0.44393,0.11465, 1.31187)
[1, 0] - (-0.443892,0.114439, 1.31146)
[1, 0] - (-0.443891,0.114255, 1.31112)
[1, 0] - (-0.443928,0.114125, 1.31085)
[1, 0] - (-0.444081,0.11409, 1.31062)
[1, 0] - (-0.444267,0.114085, 1.31044)
[1, 0] - (-0.444519,0.11413, 1.31031)
[1, 0] - (-0.444855,0.114231, 1.31022)
[1, 0] - (-0.445282,0.114389, 1.31018)
[1, 0] - (-0.4459,0.11462, 1.31026)
[1, 0] - (-0.446652,0.114905, 1.31048)
[1, 0] - (-0.447449,0.115207, 1.31075)
[1, 0] - (-0.448332,0.115543, 1.3111)
[1, 0] - (-0.449174,0.115848, 1.31148)
[1, 0] - (-0.449944,0.116092, 1.31191)
[1, 0] - (-0.45065,0.11631, 1.31234)
[1, 0] - (-0.451273,0.116479, 1.31278)
[1, 0] - (-0.45184,0.116647, 1.31321)
[1, 0] - (-0.452336,0.116796, 1.3136)
[1, 0] - (-0.452764,0.116927, 1.31394)
[1, 0] - (-0.453138,0.117037, 1.31426)
[1, 0] - (-0.453495,0.117153, 1.31457)
[1, 0] - (-0.453821,0.117278, 1.31484)
[1, 0] - (-0.454165,0.117424, 1.31511)
[1, 0] - (-0.454505,0.117582, 1.31538)
[1, 0] - (-0.454863,0.117769, 1.31565)
[1, 0] - (-0.455218,0.117976, 1.3159)
[1, 0] - (-0.455533,0.118167, 1.31612)
[1, 0] - (-0.455809,0.11834, 1.31632)
[1, 0] - (-0.456025,0.118476, 1.31651)
[1, 0] - (-0.456207,0.118597, 1.31667)
[1, 0] - (-0.456342,0.118689, 1.31683)
[1, 0] - (-0.456443,0.118763, 1.31698)
[1, 0] - (-0.456523,0.118826, 1.31712)
[1, 0] - (-0.456584,0.11888, 1.31724)
[1, 0] - (-0.45663,0.118926, 1.31735)
[1, 0] - (-0.456655,0.118962, 1.31745)
[1, 0] - (-0.456657,0.118992, 1.31754)
[1, 0] - (-0.456605,0.119025, 1.31762)
[1, 0] - (-0.456495,0.119063, 1.31769)
[1, 0] - (-0.456205,0.119108, 1.31772)
[1, 0] - (-0.455611,0.119193, 1.31764)
[1, 0] - (-0.454613,0.119473, 1.31728)
[1, 0] - (-0.453188,0.119916, 1.31669)
[1, 0] - (-0.451344,0.120383, 1.31596)
[1, 0] - (-0.449076,0.120938, 1.31506)
[1, 0] - (-0.446218,0.121605, 1.31394)
[1, 0] - (-0.442466,0.12219, 1.31265)
[1, 0] - (-0.438865,0.122733, 1.31144)
[1, 0] - (-0.43428,0.123138, 1.31037)
[1, 0] - (-0.430767,0.123541, 1.30954)
[1, 0] - (-0.427915,0.123946, 1.30888)
[1, 0] - (-0.424361,0.124955, 1.30766)
[1, 0] - (-0.420622,0.12588, 1.30663)
[1, 0] - (-0.417412,0.126741, 1.30576)
[1, 0] - (-0.414505,0.12752, 1.30502)
[1, 0] - (-0.411864,0.128345, 1.30441)
[1, 0] - (-0.409314,0.129332, 1.30378)
[1, 0] - (-0.406267,0.130737, 1.30282)
[1, 0] - (-0.403064,0.131984, 1.30191)
[1, 0] - (-0.394175,0.133104, 1.30046)
[1, 0] - (-0.386927,0.133987, 1.29924)
[1, 0] - (-0.381115,0.134664, 1.29823)
[1, 0] - (-0.375846,0.135441, 1.29712)
[1, 0] - (-0.371234,0.136277, 1.29598)
[1, 0] - (-0.367045,0.137589, 1.2945)
[1, 0] - (-0.362023,0.140047, 1.29201)
[1, 0] - (-0.356452,0.141828, 1.28992)
[1, 0] - (-0.351935,0.143631, 1.2881)
[1, 0] - (-0.348474,0.145115, 1.28675)
[1, 0] - (-0.345549,0.146423, 1.28575)
[1, 0] - (-0.340427,0.148171, 1.28503)
[1, 0] - (-0.334918,0.149696, 1.28465)
[1, 0] - (-0.330048,0.151056, 1.28451)
[1, 0] - (-0.325645,0.152219, 1.2846)
[1, 0] - (-0.320999,0.153233, 1.28487)
[1, 0] - (-0.315098,0.15407, 1.28515)
[1, 0] - (-0.309394,0.154631, 1.28538)
[1, 0] - (-0.303835,0.155287, 1.28537)
[1, 0] - (-0.298211,0.156096, 1.28516)
[1, 0] - (-0.292251,0.156733, 1.2849)
[1, 0] - (-0.287895,0.157146, 1.28479)
[1, 0] - (-0.283825,0.157495, 1.28472)
[1, 0] - (-0.278432,0.157711, 1.28456)
[1, 0] - (-0.273465,0.157927, 1.28446)
[1, 0] - (-0.267951,0.157934, 1.28444)
[1, 0] - (-0.262964,0.157934, 1.28446)
[1, 0] - (-0.257135,0.15752, 1.28465)
[1, 0] - (-0.25172,0.157069, 1.28487)
[1, 0] - (-0.247108,0.15672, 1.28511)
[1, 0] - (-0.243112,0.156453, 1.28541)
[1, 0] - (-0.239591,0.156416, 1.28571)
[1, 0] - (-0.235794,0.156501, 1.28611)
[1, 0] - (-0.232169,0.156751, 1.28659)
[1, 0] - (-0.228828,0.157091, 1.28714)
[1, 0] - (-0.225291,0.157545, 1.28784)
[1, 0] - (-0.222213,0.158088, 1.28863)
[1, 0] - (-0.219391,0.158788, 1.28949)
[1, 0] - (-0.216802,0.159751, 1.29046)
[1, 0] - (-0.21411,0.160818, 1.29158)
[1, 0] - (-0.211514,0.161838, 1.29276)
[1, 0] - (-0.208842,0.162908, 1.29393)
[1, 0] - (-0.206173,0.163929, 1.29499)
[1, 0] - (-0.202035,0.164917, 1.29598)
[1, 0] - (-0.197769,0.165709, 1.29675)
[1, 0] - (-0.193458,0.166148, 1.29741)
[1, 0] - (-0.189744,0.166487, 1.29787)
[1, 0] - (-0.186674,0.16672, 1.29818)
[1, 0] - (-0.18303,0.16702, 1.2982)
[1, 0] - (-0.179433,0.167289, 1.29805)
[1, 0] - (-0.175236,0.16758, 1.29753)
[1, 0] - (-0.170559,0.168109, 1.29659)
[1, 0] - (-0.165851,0.168679, 1.29541)
[1, 0] - (-0.161505,0.169181, 1.29417)
[1, 0] - (-0.157908,0.169553, 1.29305)
[1, 0] - (-0.154458,0.169761, 1.2919)
[1, 0] - (-0.15102,0.169714, 1.29074)
[1, 0] - (-0.147552,0.169474, 1.28956)
[1, 0] - (-0.144076,0.169099, 1.28836)
[1, 0] - (-0.140232,0.168436, 1.28705)
[1, 0] - (-0.136281,0.167733, 1.28569)
[1, 0] - (-0.132324,0.166977, 1.28435)
[1, 0] - (-0.128579,0.166168, 1.28314)
[1, 0] - (-0.125444,0.165406, 1.28215)
[1, 0] - (-0.121749,0.164605, 1.28102)
[1, 0] - (-0.114546,0.163947, 1.27913)
[1, 0] - (-0.107875,0.163146, 1.27772)
[1, 0] - (-0.101704,0.162672, 1.27658)
[1, 0] - (-0.097417,0.162246, 1.27592)
[1, 0] - (-0.0928452,0.162157, 1.27535)
[1, 0] - (-0.0883622,0.162218, 1.27502)
[1, 0] - (-0.0836977,0.162088, 1.27514)
[1, 0] - (-0.0794182,0.161933, 1.27548)
[1, 0] - (-0.0753619,0.16185, 1.27597)
[1, 0] - (-0.0708033,0.161799, 1.27678)
[1, 0] - (-0.0666291,0.161723, 1.27771)
[1, 0] - (-0.0623988,0.161834, 1.27873)
[1, 0] - (-0.0582195,0.162118, 1.27973)
[1, 0] - (-0.0535884,0.162583, 1.28094)
[1, 0] - (-0.0487554,0.16314, 1.28233)
[1, 0] - (-0.043837,0.163944, 1.28383)
[1, 0] - (-0.0383694,0.164874, 1.28556)
[1, 0] - (-0.0326464,0.165958, 1.28733)
[1, 0] - (-0.0269321,0.167083, 1.28903)
[1, 0] - (-0.0212121,0.168031, 1.29079)
[1, 0] - (-0.0146782,0.169458, 1.29252)
[1, 0] - (-0.00718708,0.171742, 1.2939)
[1, 0] - (0.000588319,0.17407, 1.29518)
[1, 0] - (0.00761613,0.176298, 1.29607)
[1, 0] - (0.0145679,0.178869, 1.29658)
[1, 0] - (0.0219296,0.182081, 1.29662)
[1, 0] - (0.0282734,0.184934, 1.29655)
[1, 0] - (0.0337784,0.187545, 1.29645)
[1, 0] - (0.0382035,0.189804, 1.29634)
[1, 0] - (0.04267,0.192562, 1.29614)
[1, 0] - (0.0463997,0.195125, 1.29601)
[1, 0] - (0.0854569,0.223491, 1.29362)
[1, 0] - (0.109282,0.241734, 1.29228)
[1, 0] - (0.120033,0.250275, 1.29173)
[1, 0] - (0.126818,0.255752, 1.29143)
[1, 0] - (0.13155,0.259573, 1.29125)
[1, 0] - (0.134992,0.262457, 1.29118)
[1, 0] - (0.137581,0.264647, 1.2912)
[1, 0] - (0.13944,0.266294, 1.2913)
[1, 0] - (0.140876,0.267576, 1.29148)
[1, 0] - (0.141944,0.268558, 1.29171)
[1, 0] - (0.142849,0.269394, 1.29204)
[1, 0] - (0.1437,0.270128, 1.29247)
[1, 0] - (0.144845,0.270945, 1.29314)
[1, 0] - (0.146346,0.27194, 1.29394)
[1, 0] - (0.150034,0.27416, 1.29511)
[1, 0] - (0.153194,0.275986, 1.29611)
[1, 0] - (0.156672,0.278118, 1.29702)
[1, 0] - (0.159872,0.28005, 1.29781)
[1, 0] - (0.162878,0.281884, 1.29849)
[1, 0] - (0.165895,0.283691, 1.2992)
[1, 0] - (0.169147,0.285617, 1.3)
[1, 0] - (0.172498,0.287623, 1.30084)
[1, 0] - (0.1763,0.289888, 1.30198)
[1, 0] - (0.179871,0.292006, 1.30315)
[1, 0] - (0.183076,0.293817, 1.30432)
[1, 0] - (0.185908,0.295343, 1.30546)
[1, 0] - (0.188406,0.296634, 1.30657)
[1, 0] - (0.190458,0.297662, 1.30757)
[1, 0] - (0.192312,0.298558, 1.30854)
[1, 0] - (0.194081,0.299332, 1.30952)
[1, 0] - (0.195984,0.300083, 1.31057)
[1, 0] - (0.197818,0.300773, 1.31159)
[1, 0] - (0.201307,0.302096, 1.31331)
[1, 0] - (0.204955,0.303713, 1.31494)
[1, 0] - (0.208123,0.305242, 1.31632)
[1, 0] - (0.210859,0.306641, 1.31745)
[1, 0] - (0.214304,0.308331, 1.31862)
[1, 0] - (0.217635,0.309871, 1.31969)
[1, 0] - (0.220738,0.311159, 1.32059)
[1, 0] - (0.223054,0.312036, 1.32122)
[1, 0] - (0.224794,0.31263, 1.32166)
[0, 1] - (0.226177,0.313004, 1.32201)
[0, 1] - (0.227375,0.313164, 1.32236)
[0, 1] - (0.228482,0.313127, 1.32281)
[0, 1] - (0.229542,0.31299, 1.32336)
[0, 1] - (0.230622,0.312819, 1.32404)
[0, 1] - (0.23172,0.312645, 1.32489)
[0, 1] - (0.232828,0.312536, 1.32584)
[0, 1] - (0.23389,0.3125, 1.32684)
[0, 1] - (0.234865,0.312538, 1.32783)
[0, 1] - (0.235774,0.312638, 1.32886)
[0, 1] - (0.236581,0.312823, 1.32982)
[0, 1] - (0.237332,0.313125, 1.33077)
[0, 1] - (0.238071,0.313598, 1.33181)
[0, 1] - (0.238767,0.31417, 1.33288)
[0, 1] - (0.239477,0.315021, 1.33422)
[0, 1] - (0.240134,0.315946, 1.33558)
[0, 1] - (0.240736,0.316888, 1.33691)
[0, 1] - (0.241267,0.317807, 1.33818)
[0, 1] - (0.24176,0.3187, 1.33943)
[0, 1] - (0.242209,0.319535, 1.34064)
[0, 1] - (0.242625,0.320317, 1.34181)
[0, 1] - (0.243006,0.321014, 1.34292)
[0, 1] - (0.243377,0.321675, 1.34403)
[0, 1] - (0.243773,0.322302, 1.34519)
[0, 1] - (0.244209,0.322904, 1.3464)
[0, 1] - (0.244697,0.323494, 1.34765)
[0, 1] - (0.24536,0.324164, 1.34911)
[0, 1] - (0.245994,0.324763, 1.35044)
[0, 1] - (0.246614,0.325308, 1.35169)
[0, 1] - (0.247215,0.325793, 1.35287)
[0, 1] - (0.247791,0.326214, 1.35395)
[0, 1] - (0.24835,0.326576, 1.35494)
[0, 1] - (0.248908,0.326885, 1.35587)
[0, 1] - (0.24947,0.327155, 1.35677)
[0, 1] - (0.250048,0.327387, 1.35765)
[0, 1] - (0.250624,0.327566, 1.3585)
[0, 1] - (0.251206,0.327704, 1.35932)
[0, 1] - (0.251868,0.327773, 1.36022)
[0, 1] - (0.252661,0.327752, 1.36124)
[0, 1] - (0.253648,0.32765, 1.36236)
[0, 1] - (0.254817,0.327461, 1.36357)
[0, 1] - (0.256222,0.327149, 1.36484)
[0, 1] - (0.25789,0.326583, 1.36624)
[0, 1] - (0.260176,0.325485, 1.368)
[0, 1] - (0.263064,0.323855, 1.37006)
[0, 1] - (0.266163,0.321922, 1.37225)
[0, 1] - (0.269405,0.31978, 1.37449)
[0, 1] - (0.272765,0.317438, 1.37671)
[0, 1] - (0.276143,0.314762, 1.37899)
[0, 1] - (0.279383,0.312049, 1.38112)
[0, 1] - (0.282492,0.30916, 1.38325)
[0, 1] - (0.285191,0.306522, 1.38515)
[0, 1] - (0.28808,0.303622, 1.38723)
[0, 1] - (0.290828,0.301074, 1.38913)
[0, 1] - (0.293596,0.298616, 1.39109)
[0, 1] - (0.296418,0.296279, 1.39325)
[0, 1] - (0.299109,0.294273, 1.39542)
[0, 1] - (0.301612,0.292495, 1.39756)
[0, 1] - (0.30394,0.29087, 1.39963)
[0, 1] - (0.306175,0.289327, 1.40168)
[0, 1] - (0.30835,0.287838, 1.40378)
[0, 1] - (0.310426,0.286409, 1.40586)
[0, 1] - (0.312389,0.284922, 1.40801)
[0, 1] - (0.314394,0.283355, 1.41019)
[0, 1] - (0.316531,0.281498, 1.41251)
[0, 1] - (0.318656,0.279496, 1.41477)
[0, 1] - (0.320662,0.277297, 1.41706)
[0, 1] - (0.322548,0.274895, 1.41938)
[0, 1] - (0.32431,0.272224, 1.42176)
[0, 1] - (0.325891,0.269611, 1.42396)
[0, 1] - (0.327748,0.266605, 1.42636)
[0, 1] - (0.329562,0.263654, 1.42861)
[0, 1] - (0.331213,0.260945, 1.43054)
[0, 1] - (0.332907,0.258064, 1.43242)
[0, 1] - (0.334446,0.255337, 1.43414)
[0, 1] - (0.335942,0.252544, 1.43586)
[0, 1] - (0.337404,0.249832, 1.43751)
[0, 1] - (0.338914,0.246866, 1.43931)
[0, 1] - (0.340497,0.243584, 1.44122)
[0, 1] - (0.342096,0.23976, 1.44332)
[0, 1] - (0.343651,0.235862, 1.44543)
[0, 1] - (0.345227,0.231888, 1.44751)
[0, 1] - (0.34743,0.22638, 1.4502)
[0, 1] - (0.349165,0.221615, 1.45256)
[0, 1] - (0.350659,0.217356, 1.45473)
[0, 1] - (0.352814,0.210403, 1.45881)
[0, 1] - (0.354447,0.205027, 1.46211)
[0, 1] - (0.355589,0.200754, 1.46479)
[0, 1] - (0.356332,0.19722, 1.46715)
[0, 1] - (0.356807,0.19398, 1.46941)
[0, 1] - (0.357132,0.191253, 1.47135)
[0, 1] - (0.357248,0.188597, 1.47332)
[0, 1] - (0.357131,0.185945, 1.47533)
[0, 1] - (0.356964,0.183454, 1.47717)
[0, 1] - (0.356768,0.181147, 1.47886)
[0, 1] - (0.356554,0.178273, 1.48081)
[0, 1] - (0.356391,0.175632, 1.48254)
[0, 1] - (0.356301,0.173229, 1.48405)
[0, 1] - (0.356274,0.171196, 1.48532)
[0, 1] - (0.356364,0.169493, 1.48636)
[0, 1] - (0.356492,0.168105, 1.4872)
[0, 1] - (0.356653,0.166911, 1.48792)
[0, 1] - (0.356875,0.165873, 1.48856)
[0, 1] - (0.357123,0.164976, 1.48914)
[1, 0] - (0.384244,0.168227, 1.50021)
[1, 0] - (0.3956,0.169614, 1.50486)
[1, 0] - (0.401721,0.170349, 1.50739)
[1, 0] - (0.40548,0.170773, 1.50896)
[1, 0] - (0.408097,0.171041, 1.51006)
[1, 0] - (0.409916,0.17126, 1.51081)
[1, 0] - (0.410932,0.171423, 1.51118)
[1, 0] - (0.411243,0.171531, 1.51124)
[1, 0] - (0.411009,0.171586, 1.51105)
[1, 0] - (0.410461,0.171615, 1.51073)
[1, 0] - (0.409746,0.171614, 1.51033)
[1, 0] - (0.408982,0.171595, 1.50992)
[1, 0] - (0.408149,0.17163, 1.50951)
[1, 0] - (0.407427,0.171656, 1.50917)
[1, 0] - (0.406799,0.17168, 1.50889)
[1, 0] - (0.406266,0.17169, 1.50867)
[1, 0] - (0.405846,0.171699, 1.50852)
[1, 0] - (0.405512,0.171716, 1.50842)
[1, 0] - (0.405247,0.171733, 1.50835)
[1, 0] - (0.405035,0.17175, 1.50832)
[1, 0] - (0.404851,0.171766, 1.50831)
[1, 0] - (0.404693,0.17178, 1.50832)
[1, 0] - (0.404551,0.171793, 1.50836)
[1, 0] - (0.404429,0.171805, 1.50841)
[1, 0] - (0.404319,0.171815, 1.50848)
[1, 0] - (0.404212,0.171821, 1.50855)
[1, 0] - (0.404104,0.171824, 1.50865)
[1, 0] - (0.404003,0.171825, 1.50874)
[1, 0] - (0.403907,0.171821, 1.50885)
[1, 0] - (0.403831,0.171806, 1.50895)
