0.0649501234292984 -0.046151455491781235 0.508432924747467, 
0.048903632909059525 -0.06547422707080841 0.5172455310821533, 
0.04424126073718071 -0.11019017547369003 0.5303839445114136, 
0.0233091302216053 -0.17154479026794434 0.5307393670082092, 
-0.039321474730968475 -0.4408756494522095 0.3495558202266693, 
-0.051203735172748566 -0.5037276148796082 0.18862782418727875, 
-0.022346332669258118 -0.509791910648346 0.12631724774837494, 
-0.015063409693539143 -0.4990234375 0.1235271692276001, 
-0.014589454047381878 -0.47898510098457336 0.1186225488781929, 
-0.019958430901169777 -0.48942577838897705 0.12119757384061813, 
-0.01820024847984314 -0.49186980724334717 0.12004100531339645, 
-0.011854290962219238 -0.47289419174194336 0.13784781098365784, 
-0.010613416321575642 -0.4653342068195343 0.15034352242946625, 
-0.011133065447211266 -0.46118658781051636 0.16026601195335388, 
-0.008828163146972656 -0.475967675447464 0.17657825350761414, 
-0.008578010834753513 -0.47894683480262756 0.18233148753643036, 
-0.009623141027987003 -0.48058146238327026 0.18530608713626862, 
-0.00633986433967948 -0.48110926151275635 0.18874689936637878, 
-0.0064155543223023415 -0.48361489176750183 0.1915229856967926, 
-0.00795181654393673 -0.48878273367881775 0.19489574432373047, 
-0.010595288127660751 -0.49618884921073914 0.19803176820278168, 
-0.018973596394062042 -0.5091898441314697 0.1969410479068756, 
-0.02089783176779747 -0.5087982416152954 0.19490191340446472, 
0.004445634316653013 -0.4963788092136383 0.22943533957004547, 
0.030180787667632103 -0.44456353783607483 0.3157687485218048, 
0.04383620247244835 -0.3335578441619873 0.4210060238838196, 
0.05122283846139908 -0.18819516897201538 0.5220719575881958, 
0.019767120480537415 -0.06292752921581268 0.5154212713241577, 
0.045529481023550034 -0.051706086844205856 0.5199711322784424, 
0.05922839790582657 -0.03703594580292702 0.4781501591205597, 
0.06683249771595001 -0.22271794080734253 0.47238510847091675, 
0.012373225763440132 -0.4051363170146942 0.3463152050971985, 
-0.0022738578263670206 -0.4253014326095581 0.27975529432296753, 
-0.0013542675878852606 -0.5020448565483093 0.2674829959869385, 
-0.00993495061993599 -0.40080246329307556 0.26789095997810364, 
-0.02413761243224144 -0.3930705487728119 0.2635526657104492, 
-0.02850443683564663 -0.3970242738723755 0.22599877417087555, 
-0.026430021971464157 -0.4007371962070465 0.20572760701179504, 
-0.0006218285416252911 -0.45741117000579834 0.20156165957450867, 
0.04588097333908081 -0.4876713454723358 0.20716355741024017, 
0.22100934386253357 -0.3230828046798706 0.21655552089214325, 
0.2991841435432434 -0.07891122251749039 0.25445297360420227, 
0.35206133127212524 0.029348624870181084 0.27018752694129944, 
0.38759246468544006 0.24679651856422424 0.2704988718032837, 
0.35056737065315247 0.23625026643276215 0.2603233754634857, 
0.37691086530685425 0.20741622149944305 0.26915743947029114, 
0.4028341472148895 0.16665348410606384 0.2965782582759857, 
0.4097920060157776 0.10756812244653702 0.3404768109321594, 
0.22945141792297363 -0.20057055354118347 0.4887140393257141, 
0.06269229203462601 -0.41601136326789856 0.4100279211997986, 
-0.025000695139169693 -0.513128936290741 0.3264656066894531, 
-0.03731183707714081 -0.5230185389518738 0.2942191958427429, 
-0.03601307421922684 -0.5237462520599365 0.280131995677948, 
-0.027477802708745003 -0.524467408657074 0.2627710700035095, 
-0.01754569076001644 -0.5217797160148621 0.25150951743125916, 
-0.008068257942795753 -0.5148685574531555 0.2403692603111267, 
0.02232436276972294 -0.4851437509059906 0.24878917634487152, 
0.043691206723451614 -0.4663301110267639 0.26068127155303955, 
0.054600853472948074 -0.45695942640304565 0.2679257094860077, 
0.06105830520391464 -0.4512552320957184 0.2749042212963104, 
0.06408332288265228 -0.4483470022678375 0.2820073366165161, 
0.06466462463140488 -0.4475989043712616 0.2887885272502899, 
0.06393390148878098 -0.44793763756752014 0.2941403090953827, 
0.0627000704407692 -0.4487747848033905 0.29800400137901306, 
0.06171838194131851 -0.44968289136886597 0.3008839190006256, 
0.061161160469055176 -0.4503509998321533 0.30270934104919434, 
0.06073836237192154 -0.45086103677749634 0.30380919575691223, 
0.060475535690784454 -0.45159822702407837 0.3042401671409607, 
0.06173904240131378 -0.45273327827453613 0.3037233352661133, 
0.06514803320169449 -0.45390427112579346 0.3022395372390747, 
0.06916649639606476 -0.4548124074935913 0.300557404756546, 
0.07293583452701569 -0.45535358786582947 0.2990151643753052, 
0.0761524960398674 -0.4554939866065979 0.2978851795196533, 
0.0790545865893364 -0.45525118708610535 0.2973078489303589, 
0.08276719599962234 -0.4542892873287201 0.29722926020622253, 
0.08981043845415115 -0.4512866139411926 0.2982931435108185, 
0.09773853421211243 -0.4469257891178131 0.30000609159469604, 
0.10598179697990417 -0.44197240471839905 0.30279770493507385, 
0.11309333145618439 -0.43761637806892395 0.30567967891693115, 
0.1179928258061409 -0.4345777928829193 0.30771610140800476, 
0.12104900181293488 -0.43255335092544556 0.30895668268203735, 
0.11743109673261642 -0.43267035484313965 0.3114653527736664, 
0.11246640980243683 -0.4329471290111542 0.3131897747516632, 
0.11058877408504486 -0.4322241246700287 0.3142879009246826, 
0.11000865697860718 -0.4311105012893677 0.31508928537368774, 
0.1099240779876709 -0.4301545321941376 0.31532391905784607, 
0.11051703989505768 -0.42965444922447205 0.3145645558834076, 
0.1113167554140091 -0.4299865663051605 0.3124661445617676, 
0.11074594408273697 -0.43287307024002075 0.3078480362892151, 
0.1059686690568924 -0.44050541520118713 0.30029842257499695, 
0.09506496042013168 -0.4591165781021118 0.2889445424079895, 
0.08505572378635406 -0.4733409881591797 0.27925997972488403, 
0.07396508008241653 -0.48551639914512634 0.26888203620910645, 
0.06298471242189407 -0.49497324228286743 0.25746360421180725, 
0.0385458804666996 -0.5176537036895752 0.24007245898246765, 
0.022884145379066467 -0.5274510383605957 0.22781266272068024, 
0.016168097034096718 -0.5232637524604797 0.1986604481935501, 
0.014698517508804798 -0.5148378610610962 0.17990438640117645, 
0.012778324075043201 -0.5097717642784119 0.15101803839206696, 
0.01181014347821474 -0.5065159797668457 0.1370716243982315, 
0.011452430859208107 -0.5036352276802063 0.12859582901000977, 
0.014889508485794067 -0.5010020136833191 0.1256895512342453, 
0.02399151399731636 -0.49995651841163635 0.13017764687538147, 
0.03862839564681053 -0.5025904178619385 0.1443130075931549, 
0.05771210044622421 -0.5053523182868958 0.17009714245796204, 
0.07010630518198013 -0.5022345185279846 0.188307523727417, 
0.08594115078449249 -0.4770872890949249 0.22514069080352783, 
0.08919267356395721 -0.4633429944515228 0.24519135057926178, 
0.08767718076705933 -0.45750877261161804 0.25555700063705444, 
0.08439629524946213 -0.454994797706604 0.26248273253440857, 
0.07593604922294617 -0.45729032158851624 0.26908135414123535, 
0.05980255454778671 -0.4663276970386505 0.2775750756263733, 
0.03968062251806259 -0.4782726764678955 0.2862355411052704, 
0.00493987649679184 -0.4958183765411377 0.2852173149585724, 
-0.011339569464325905 -0.5034645795822144 0.2827998995780945, 
-0.024143459275364876 -0.4969073534011841 0.272248238325119, 
-0.03113182634115219 -0.4930485188961029 0.2648455798625946, 
-0.034620851278305054 -0.49042975902557373 0.25942063331604004, 
-0.035736896097660065 -0.4895743429660797 0.2567250728607178, 
-0.033357273787260056 -0.48064860701560974 0.2536281943321228, 
-0.03128908947110176 -0.47383156418800354 0.2522640824317932, 
-0.029934531077742577 -0.47091037034988403 0.25211456418037415, 
-0.028466450050473213 -0.4692619740962982 0.2526051104068756, 
-0.029874710366129875 -0.47108009457588196 0.25586751103401184, 
-0.03534689173102379 -0.47730112075805664 0.26183176040649414, 
-0.04003005474805832 -0.4824118912220001 0.26743271946907043, 
-0.050896067172288895 -0.49539482593536377 0.27236583828926086, 
-0.05047252029180527 -0.498940110206604 0.27507176995277405, 
-0.0400504432618618 -0.5029162168502808 0.2735094428062439, 
0.009659341536462307 -0.5085635185241699 0.26637405157089233, 
0.09064622968435287 -0.500101625919342 0.2624491751194, 
0.20188550651073456 -0.4670584499835968 0.26768553256988525, 
0.3162257671356201 -0.3819217383861542 0.28428518772125244, 
0.4908566474914551 -0.028167465701699257 0.3144492208957672, 
0.3840704560279846 0.09425550699234009 0.26794126629829407, 
0.3525133430957794 0.15225829184055328 0.22432659566402435, 
0.34968599677085876 0.15553893148899078 0.22097957134246826, 
0.34746119379997253 0.15845125913619995 0.21770718693733215, 
0.3461374044418335 0.161051943898201 0.21470434963703156, 
0.3495476245880127 0.16286569833755493 0.21085026860237122, 
0.40462905168533325 0.09764264523983002 0.20812757313251495, 
0.4435119926929474 0.04756607860326767 0.22107234597206116, 
0.45969077944755554 -0.07761188596487045 0.23182730376720428, 
0.4226611256599426 -0.23206858336925507 0.21985779702663422, 
0.3831039369106293 -0.4058218002319336 0.189928337931633, 
0.3159066438674927 -0.5101411938667297 0.147896409034729, 
0.22195497155189514 -0.5799795389175415 0.12922197580337524, 
0.16739843785762787 -0.5928489565849304 0.12531070411205292, 
0.038665346801280975 -0.630511462688446 0.11577251553535461, 
-0.01712764799594879 -0.5984712243080139 0.08659665286540985, 
-0.020131254568696022 -0.5480903387069702 0.07514628767967224, 
-0.020121801644563675 -0.5384872555732727 0.049457818269729614, 
-0.014686992391943932 -0.5269776582717896 0.03526631370186806, 
-0.001052030478604138 -0.5561748147010803 0.008353469893336296, 
0.009478306397795677 -0.5750828981399536 0.042566314339637756, 
0.01686602458357811 -0.5921981930732727 0.06626832485198975, 
0.019912010058760643 -0.5994940996170044 0.07736904174089432, 
0.021797439083456993 -0.6035693287849426 0.08361470699310303, 
0.022368237376213074 -0.6062992215156555 0.08630978316068649, 
0.021526388823986053 -0.6068122982978821 0.08378013968467712, 
0.020020343363285065 -0.6023090481758118 0.07141885906457901, 
0.01789644919335842 -0.59185391664505 0.04469921067357063, 
0.02434437908232212 -0.5229046940803528 0.04823281615972519, 
0.01499653048813343 -0.5042935013771057 0.16872581839561462, 
-0.002703077858313918 -0.5157898664474487 0.22760672867298126, 
-0.026820726692676544 -0.5066709518432617 0.30657878518104553, 
-0.03574143350124359 -0.45966967940330505 0.37669047713279724, 
-0.03834933787584305 -0.40934866666793823 0.43906551599502563, 
-0.03856031596660614 -0.3668062686920166 0.49982622265815735, 
-0.03306031599640846 -0.3326410949230194 0.5384942889213562, 
-0.024483956396579742 -0.3059486448764801 0.5518430471420288, 
-0.018627312034368515 -0.29539743065834045 0.5543273091316223, 
-0.0009476401028223336 -0.29848262667655945 0.5163496732711792, 
0.016233112663030624 -0.35306307673454285 0.4373469650745392, 
0.008018715307116508 -0.4280025362968445 0.3404580354690552, 
0.006267028860747814 -0.47585007548332214 0.26076439023017883, 
0.009246139787137508 -0.52547287940979 0.14046110212802887, 
0.0058739143423736095 -0.5349435806274414 0.12926292419433594, 
0.004040743224322796 -0.534716784954071 0.13147634267807007, 
0.001998328138142824 -0.5342102646827698 0.1342947632074356, 
-0.0007834713906049728 -0.5338708758354187 0.1382109373807907, 
-0.004312355071306229 -0.523436427116394 0.16262568533420563, 
-0.006363635417073965 -0.5157039165496826 0.18050535023212433, 
-0.00847996212542057 -0.5125961899757385 0.19138476252555847, 
-0.012463053688406944 -0.5117886662483215 0.19699755311012268, 
-0.015212836675345898 -0.5113413333892822 0.20028772950172424, 
-0.017417192459106445 -0.5065724849700928 0.20493534207344055, 
-0.020093049854040146 -0.5031079649925232 0.20877991616725922, 
-0.022088533267378807 -0.500239372253418 0.21159891784191132, 
-0.023294644430279732 -0.4979485869407654 0.21370752155780792, 
-0.02479950152337551 -0.49470964074134827 0.21648673713207245, 
-0.02549649216234684 -0.4932750165462494 0.21744593977928162, 
-0.02631157822906971 -0.4912883937358856 0.2187589406967163, 
-0.026863006874918938 -0.49043065309524536 0.21928808093070984, 
-0.02710600011050701 -0.48942217230796814 0.21991504728794098, 
-0.02854054793715477 -0.4927101731300354 0.22645822167396545, 
-0.030087267979979515 -0.49635449051856995 0.23112425208091736, 
-0.028635581955313683 -0.4938346743583679 0.24280917644500732, 
-0.027285335585474968 -0.4908638000488281 0.2520389258861542, 
-0.026127083227038383 -0.4879935383796692 0.25910404324531555, 
-0.025089265778660774 -0.4851847290992737 0.2650126814842224, 
-0.02433573082089424 -0.48286035656929016 0.26947394013404846, 
-0.02390691637992859 -0.48104551434516907 0.27271950244903564, 
-0.023683667182922363 -0.47939515113830566 0.2753210663795471, 
-0.023636728525161743 -0.4781041443347931 0.2772372364997864, 
-0.023740578442811966 -0.4771190583705902 0.2785983383655548, 
-0.023941520601511 -0.4763752222061157 0.27957433462142944, 
-0.024207839742302895 -0.4758010804653168 0.2802743911743164, 
-0.024524671956896782 -0.4753562808036804 0.2807644009590149, 
-0.02491970919072628 -0.47498512268066406 0.28109490871429443, 
-0.02544846571981907 -0.47472289204597473 0.28135159611701965, 
-0.026147229596972466 -0.47458747029304504 0.2815554738044739, 
-0.027202840894460678 -0.4747639298439026 0.28175798058509827, 
-0.029499586671590805 -0.47599226236343384 0.28178855776786804, 
-0.036847349256277084 -0.4821248948574066 0.28098320960998535, 
-0.02576441876590252 -0.4829784035682678 0.25710275769233704, 
-0.016068246215581894 -0.5048795342445374 0.20934845507144928, 
-0.0045134928077459335 -0.5141727328300476 0.16450992226600647, 
0.004265629220753908 -0.5172469019889832 0.13986456394195557, 
0.011524425819516182 -0.5142378211021423 0.1264270693063736, 
0.02769838087260723 -0.49774935841560364 0.11945323646068573, 
0.060882989317178726 -0.47340112924575806 0.11093549430370331, 
0.09821369498968124 -0.44643262028694153 0.10256139934062958, 
0.13667654991149902 -0.4130387008190155 0.09869836270809174, 
0.1750493049621582 -0.372956246137619 0.09668175876140594, 
0.21192796528339386 -0.3307878077030182 0.09248189628124237, 
0.24433408677577972 -0.2852482199668884 0.09158191084861755, 
0.27828580141067505 -0.22923748195171356 0.09861252456903458, 
0.3029039800167084 -0.1965063214302063 0.11888669431209564, 
0.3618748188018799 -0.054104313254356384 0.10881348699331284, 
0.39185985922813416 0.11350394040346146 0.11036573350429535, 
0.3386453092098236 0.1662868857383728 0.0006048904033377767, 
0.3516354262828827 0.14722034335136414 0.019255390390753746, 
0.366678386926651 0.10848382860422134 0.0226628128439188, 
0.37902599573135376 0.04742230847477913 0.01837586611509323, 
0.3774195909500122 -0.012195934541523457 0.004204949364066124, 
0.3745265007019043 -0.08982208371162415 0.004124080762267113, 
0.3289368748664856 -0.2770024538040161 0.03133547306060791, 
0.2887917757034302 -0.3928699791431427 0.04279555380344391, 
0.17599044740200043 -0.5224443078041077 0.0601346455514431, 
0.12896788120269775 -0.5251168608665466 0.08351828902959824, 
0.02959328331053257 -0.5303197503089905 0.1070486456155777, 
-0.012377731502056122 -0.4790538251399994 0.09734410047531128, 
-0.026893412694334984 -0.46314308047294617 0.09538870304822922, 
-0.03830305486917496 -0.4512561559677124 0.09563812613487244, 
-0.045327816158533096 -0.4331839680671692 0.09752363711595535, 
-0.04478564113378525 -0.41778963804244995 0.09922689944505692, 
-0.037557441741228104 -0.4134216606616974 0.10101206600666046, 
-0.032106541097164154 -0.41537147760391235 0.10283149033784866, 
-0.029791483655571938 -0.4181082248687744 0.10374549776315689, 
-0.03017851710319519 -0.4216645061969757 0.10557963699102402, 
-0.03124876879155636 -0.42258647084236145 0.10660646855831146, 
-0.03246816620230675 -0.422643780708313 0.10723142325878143, 
-0.03366367146372795 -0.4224783480167389 0.1077391728758812, 
-0.03485606983304024 -0.4221384525299072 0.1081496849656105, 
-0.03601415827870369 -0.42169034481048584 0.1084984764456749, 
-0.03710182383656502 -0.4210003912448883 0.1088804230093956, 
-0.03646887093782425 -0.47133755683898926 0.09303709119558334, 
-0.03778420388698578 -0.447396844625473 0.10025046020746231, 
-0.03953568637371063 -0.4348538815975189 0.10552752763032913, 
-0.0414050817489624 -0.43536049127578735 0.10112258791923523, 
-0.01626483164727688 -0.4267893135547638 0.030919693410396576, 
0.0008249346865341067 -0.42501604557037354 0.1450333148241043, 
0.01636863499879837 -0.379179984331131 0.20724976062774658, 
0.03508507460355759 -0.34440183639526367 0.27836906909942627, 
0.04756263270974159 -0.28836843371391296 0.3166034519672394, 
0.053370244801044464 -0.2410595566034317 0.34209927916526794, 
0.06362315267324448 -0.20899204909801483 0.32655763626098633, 
0.06991705298423767 -0.15663187205791473 0.3699311912059784, 
0.045949410647153854 -0.11313140392303467 0.4102472960948944, 
0.03441411256790161 -0.12163383513689041 0.4766569435596466, 
0.03682970255613327 -0.14455969631671906 0.5099627375602722, 
0.10187743604183197 -0.2629823386669159 0.37720635533332825, 
0.08393640071153641 -0.2550143301486969 0.3556710183620453, 
0.0765434131026268 -0.23988226056098938 0.33151423931121826, 
0.07319196313619614 -0.2129780501127243 0.28615638613700867, 
0.07609929144382477 -0.19300444424152374 0.24785996973514557, 
0.09582918882369995 -0.17262807488441467 0.16300208866596222, 
0.13190408051013947 -0.19892102479934692 0.03515786677598953, 
0.15768250823020935 -0.23375114798545837 0.12922625243663788, 
0.02821379341185093 -0.16157595813274384 0.5385299921035767, 
-0.03898273780941963 -0.03248912841081619 0.5755143761634827, 
-0.04194161295890808 -0.02567457966506481 0.5654138922691345, 
-0.048341620713472366 -0.022414620965719223 0.5482629537582397, 
-0.04782980680465698 -0.0134506244212389 0.5260747075080872, 
-0.035991866141557693 -0.02566750906407833 0.5297484397888184, 
-0.027925562113523483 -0.050182491540908813 0.5518869161605835, 
-0.02375844493508339 -0.06600986421108246 0.5681158900260925, 
-0.021828671917319298 -0.07430976629257202 0.5756675601005554, 
-0.020632607862353325 -0.08158010244369507 0.5806324481964111, 
-0.02194102108478546 -0.10017792135477066 0.5723921060562134, 
-0.021979479119181633 -0.10268419981002808 0.575964629650116, 
-0.02202763222157955 -0.10543587803840637 0.582091212272644, 
-0.021309081465005875 -0.10696332901716232 0.5813987851142883, 
-0.019892336800694466 -0.10232872515916824 0.5758174657821655, 
-0.018734809011220932 -0.1009332686662674 0.5689279437065125, 
-0.01749875210225582 -0.104110486805439 0.5803474187850952, 
-0.01631712168455124 -0.10207657516002655 0.5842735767364502, 
-0.016338011249899864 -0.10113146156072617 0.5814680457115173, 
-0.016478486359119415 -0.10032748430967331 0.5795288681983948, 
-0.018041236326098442 -0.10027987509965897 0.5874804258346558, 
-0.016138769686222076 -0.09055224061012268 0.587112307548523, 
-0.0011977462563663721 -0.08757159858942032 0.5603152513504028, 
0.032129090279340744 -0.09272553771734238 0.5289899110794067, 
0.06892769038677216 -0.10399217158555984 0.49907901883125305, 
0.1137627363204956 -0.11875095218420029 0.4683557450771332, 
0.16244804859161377 -0.1370721161365509 0.424931138753891, 
0.198772594332695 -0.1538553088903427 0.3565775454044342, 
0.23356392979621887 -0.15563920140266418 0.2912575304508209, 
0.2663373053073883 -0.14796040952205658 0.23903097212314606, 
0.302298903465271 -0.135004922747612 0.19693970680236816, 
0.35227301716804504 -0.11837252229452133 0.15734505653381348, 
0.426975816488266 -0.1147279217839241 0.14086684584617615, 
0.4879092276096344 -0.12139932066202164 0.1362910270690918, 
0.4718177616596222 -0.13758307695388794 0.02168053761124611, 
0.4812162518501282 -0.16335086524486542 0.04274952784180641, 
0.4635798931121826 -0.1967715471982956 0.08119097352027893, 
0.46014073491096497 -0.21306046843528748 0.11218833178281784, 
0.4582972526550293 -0.22640304267406464 0.13007956743240356, 
0.4569096863269806 -0.23740023374557495 0.14194178581237793, 
0.45472288131713867 -0.24838097393512726 0.15088869631290436, 
0.4500722289085388 -0.2593573033809662 0.15903010964393616, 
0.444350004196167 -0.2678508460521698 0.16525542736053467, 
0.43898847699165344 -0.2740738093852997 0.1686839610338211, 
0.43453657627105713 -0.27823472023010254 0.16987928748130798, 
0.4312838613986969 -0.2805275022983551 0.17029781639575958, 
0.42751237750053406 -0.2992262840270996 0.13299687206745148, 
0.43447378277778625 -0.31582343578338623 0.08870867639780045, 
0.4364907443523407 -0.3200055658817291 0.07213437557220459, 
0.4379299283027649 -0.32196927070617676 0.060691431164741516, 
0.43930116295814514 -0.3228526711463928 0.05259663239121437, 
0.4407350420951843 -0.32299673557281494 0.04674622043967247, 
0.44230276346206665 -0.32261282205581665 0.042671285569667816, 
0.4440212547779083 -0.3217397928237915 0.040321484208106995, 
0.44518405199050903 -0.3203371465206146 0.037508949637413025, 
0.4461882710456848 -0.3184261918067932 0.035361599177122116, 
0.4422677159309387 -0.3069259524345398 0.047781046479940414, 
0.41814544796943665 -0.28316229581832886 0.04953974112868309, 
0.36031287908554077 -0.23305869102478027 0.027663640677928925, 
0.2887750566005707 -0.19054225087165833 0.002594446763396263, 
0.22919343411922455 -0.21232494711875916 0.10069143772125244, 
0.14969390630722046 -0.21920374035835266 0.1762990951538086, 
-0.005345567129552364 -0.2767433226108551 0.23468969762325287, 
-0.08036157488822937 -0.3385210633277893 0.23626109957695007, 
-0.11070957034826279 -0.371845006942749 0.2192041277885437, 
-0.14923112094402313 -0.4112912714481354 0.20016539096832275, 
-0.18922065198421478 -0.42470303177833557 0.18341180682182312, 
-0.24597670137882233 -0.44010621309280396 0.15669256448745728, 
-0.28339093923568726 -0.4399201273918152 0.13429738581180573, 
-0.31431475281715393 -0.425340861082077 0.11531360447406769, 
-0.34435853362083435 -0.4220082759857178 0.08073180913925171, 
-0.36057236790657043 -0.4204840660095215 0.07918556034564972, 
-0.36186161637306213 -0.4159260094165802 0.07843243330717087, 
-0.35488951206207275 -0.4131905138492584 0.08317720144987106, 
-0.34600165486335754 -0.4112914502620697 0.09062650054693222, 
-0.33802467584609985 -0.41027867794036865 0.09638392180204391, 
-0.32237714529037476 -0.4105778634548187 0.13138635456562042, 
-0.3139217793941498 -0.4107184410095215 0.1494373083114624, 
-0.3180660307407379 -0.4215647280216217 0.16374780237674713, 
-0.3158922791481018 -0.42123281955718994 0.17005985975265503, 
-0.3183273673057556 -0.42486536502838135 0.17576457560062408, 
-0.3157830834388733 -0.42189937829971313 0.17814360558986664, 
-0.3111911118030548 -0.41710931062698364 0.17887455224990845, 
-0.3046450912952423 -0.4100841283798218 0.17861373722553253, 
-0.30384740233421326 -0.40792351961135864 0.17936989665031433, 
-0.30387941002845764 -0.40601494908332825 0.1800956279039383, 
-0.30461186170578003 -0.40441691875457764 0.18073265254497528, 
-0.30565139651298523 -0.4029320478439331 0.1813049465417862, 
-0.3064593970775604 -0.40116947889328003 0.18161675333976746, 
-0.30802932381629944 -0.3999680280685425 0.18214379251003265, 
-0.3096056878566742 -0.3988359868526459 0.1826784461736679, 
-0.3229694962501526 -0.4142279624938965 0.18563790619373322, 
-0.3236991763114929 -0.4133757948875427 0.18605047464370728, 
-0.3195442259311676 -0.40744641423225403 0.18807245790958405, 
-0.3065629303455353 -0.3975910544395447 0.1914210021495819, 
-0.26740553975105286 -0.38268446922302246 0.19419507682323456, 
-0.19918690621852875 -0.3559240400791168 0.19605879485607147, 
-0.10861705243587494 -0.328226774930954 0.2049333155155182, 
0.08847449719905853 -0.18823324143886566 0.2314339578151703, 
0.26161855459213257 -0.07817088067531586 0.2304716408252716, 
0.3035939335823059 -0.05041223019361496 0.22110816836357117, 
0.33686596155166626 -0.05619017407298088 0.20633910596370697, 
0.3320353627204895 -0.07280020415782928 0.1982031911611557, 
0.33618101477622986 -0.08682188391685486 0.1894649863243103, 
0.41364312171936035 -0.09774810075759888 0.16216488182544708, 
0.31757840514183044 -0.166527658700943 0.12209596484899521, 
0.28586816787719727 -0.347965806722641 0.05471443384885788, 
0.22061973810195923 -0.4976159930229187 0.18241199851036072, 
0.17951937019824982 -0.5615215301513672 0.2218298316001892, 
0.15933683514595032 -0.5683754682540894 0.2239132523536682, 
0.14849236607551575 -0.5694761872291565 0.22289814054965973, 
0.14108158648014069 -0.5704568028450012 0.22205553948879242, 
0.13839343190193176 -0.5706841945648193 0.22136476635932922, 
0.14202256500720978 -0.5550655722618103 0.2075754851102829, 
0.1460680514574051 -0.5457125902175903 0.1999463438987732, 
0.15097561478614807 -0.5407203435897827 0.1959216147661209, 
0.15610656142234802 -0.5376971364021301 0.19351297616958618, 
0.1606372892856598 -0.5356922745704651 0.19201062619686127, 
0.1642211377620697 -0.5344685912132263 0.1914578378200531, 
0.16693203151226044 -0.5339717864990234 0.19172945618629456, 
0.16884134709835052 -0.5340617299079895 0.19246914982795715, 
0.17030742764472961 -0.5344808101654053 0.19348031282424927, 
0.17150895297527313 -0.5350201725959778 0.19448766112327576, 
0.17254427075386047 -0.5352974534034729 0.1958121806383133, 
0.174898162484169 -0.5321948528289795 0.1966560184955597, 
0.18420366942882538 -0.48978903889656067 0.14625602960586548, 
0.1950893998146057 -0.44198793172836304 0.045864976942539215, 
0.1975945681333542 -0.39154279232025146 0.10907841473817825, 
0.009526520036160946 -0.13866133987903595 0.5110557079315186, 
-0.0663640946149826 -0.042990751564502716 0.573302149772644, 
-0.04478688910603523 -0.09891892224550247 0.5701776146888733, 
0.0016360597219318151 -0.19426965713500977 0.5473592877388, 
0.03670528158545494 -0.2765105366706848 0.5061964988708496, 
0.06683576107025146 -0.34537389874458313 0.4445843994617462, 
0.09569770097732544 -0.4292978048324585 0.3759150803089142, 
0.1302894651889801 -0.49122345447540283 0.26366594433784485, 
0.14271169900894165 -0.5072237849235535 0.18032614886760712, 
0.15771521627902985 -0.5300275683403015 0.07039283215999603, 
0.1636398583650589 -0.519753098487854 0.025573113933205605, 
0.1768634021282196 -0.506588876247406 0.04513273388147354, 
0.1913883537054062 -0.4836457371711731 0.11584249138832092, 
0.20190219581127167 -0.456714004278183 0.17539916932582855, 
0.2099352329969406 -0.4296695291996002 0.22225013375282288, 
0.21314603090286255 -0.4118629992008209 0.2590566873550415, 
0.21264007687568665 -0.4032427966594696 0.2759772837162018, 
0.2158937007188797 -0.38295379281044006 0.303200900554657, 
0.219861701130867 -0.3639197051525116 0.32295936346054077, 
0.22256503999233246 -0.35055670142173767 0.3325149714946747, 
0.22920392453670502 -0.33006563782691956 0.34099921584129333, 
0.24645322561264038 -0.28943347930908203 0.34832268953323364, 
0.26522424817085266 -0.24305997788906097 0.35661181807518005, 
0.27765652537345886 -0.20617030560970306 0.35569626092910767, 
0.2868020534515381 -0.17499680817127228 0.34803900122642517, 
0.2899962365627289 -0.15903136134147644 0.3391280472278595, 
0.2930268943309784 -0.12238922715187073 0.3289574980735779, 
0.2584401071071625 0.14931219816207886 0.2427106499671936, 
0.19530217349529266 0.24913430213928223 0.2290087193250656, 
0.18269337713718414 0.06835569441318512 0.34089136123657227, 
0.17997634410858154 0.11718140542507172 0.34601059556007385, 
0.179713636636734 0.11089859902858734 0.35854223370552063, 
0.19386084377765656 0.09930819272994995 0.32444441318511963, 
0.31010186672210693 -0.003871541703119874 0.19466754794120789, 
0.3309817612171173 -0.013534057885408401 0.14889508485794067, 
0.3446042239665985 -0.01816367730498314 0.11104802042245865, 
0.3400581181049347 0.0011807844275608659 0.0732269138097763, 
0.338809609413147 0.0255294106900692 0.039784304797649384, 
0.3257082998752594 0.04629043862223625 0.018681921064853668, 
0.31139856576919556 0.04840531572699547 0.03892087563872337, 
0.3128940761089325 0.05365201085805893 0.10654950141906738, 
0.314114511013031 0.06063371151685715 0.1464087963104248, 
0.31211140751838684 0.06939820945262909 0.17122209072113037, 
0.3030579090118408 0.08157733082771301 0.18771401047706604, 
0.29492074251174927 0.0895475298166275 0.2002294957637787, 
0.28498631715774536 0.09563574194908142 0.21780000627040863, 
0.25666874647140503 0.08301635831594467 0.2582443654537201, 
0.22958099842071533 0.06092067435383797 0.31270599365234375, 
0.20205485820770264 0.019869834184646606 0.39172613620758057, 
0.17265339195728302 -0.014668787829577923 0.4071142077445984, 
0.12793564796447754 -0.09701474010944366 0.4756326675415039, 
0.08736138790845871 -0.23290163278579712 0.47056493163108826, 
0.08937454968690872 -0.38245275616645813 0.40961161255836487, 
0.10030225664377213 -0.44304314255714417 0.3637997508049011, 
0.11476856470108032 -0.4639991819858551 0.33102598786354065, 
0.1515187919139862 -0.524793267250061 0.20708267390727997, 
0.18893444538116455 -0.5398414731025696 0.09828708320856094, 
0.20901983976364136 -0.5317689776420593 0.032369792461395264, 
0.21713533997535706 -0.520240843296051 0.00566051946952939, 
0.21602658927440643 -0.5093305706977844 0.01609262265264988, 
0.21808180212974548 -0.49518445134162903 0.037922948598861694, 
0.22017571330070496 -0.4851286709308624 0.0601763054728508, 
0.22147296369075775 -0.4577334225177765 0.11258144676685333, 
0.22414247691631317 -0.43196970224380493 0.16049133241176605, 
0.2311295121908188 -0.39582499861717224 0.21709218621253967, 
0.2326117753982544 -0.3742620348930359 0.25124529004096985, 
0.2408781349658966 -0.32149937748908997 0.28196629881858826, 
0.24338051676750183 -0.2937164306640625 0.293976753950119, 
0.2456405758857727 -0.26961544156074524 0.29539746046066284, 
0.2487642616033554 -0.24201250076293945 0.29078060388565063, 
0.24949504435062408 -0.22996598482131958 0.2886201739311218, 
0.24990656971931458 -0.2205895185470581 0.28671860694885254, 
0.24961329996585846 -0.21582280099391937 0.2848318815231323, 
0.24898609519004822 -0.2133769690990448 0.28279054164886475, 
0.24815018475055695 -0.21278704702854156 0.2805897891521454, 
0.24723593890666962 -0.21357756853103638 0.2787174582481384, 
0.24649564921855927 -0.21488498151302338 0.2769452929496765, 
0.24591219425201416 -0.21644100546836853 0.2752876281738281, 
0.24551407992839813 -0.21816593408584595 0.2737169563770294, 
0.24517938494682312 -0.21994364261627197 0.27232515811920166, 
0.2449142187833786 -0.221615269780159 0.2711487412452698, 
0.2447471022605896 -0.22315393388271332 0.2701442837715149, 
0.24462012946605682 -0.22460822761058807 0.2693207561969757, 
0.24452589452266693 -0.22585955262184143 0.2686827778816223, 
0.24446655809879303 -0.22690662741661072 0.26818498969078064, 
0.2444223016500473 -0.2277766615152359 0.2678057849407196, 
0.24437792599201202 -0.22852469980716705 0.2675209045410156, 
0.24433204531669617 -0.2291637659072876 0.26731276512145996, 
0.2442924827337265 -0.22972190380096436 0.2671486437320709, 
0.24431739747524261 -0.23029237985610962 0.2667827308177948, 
0.2472836673259735 -0.23271293938159943 0.22802738845348358, 
0.24904410541057587 -0.23113276064395905 0.13861310482025146, 
0.26331794261932373 -0.2264704406261444 0.00491146557033062, 
0.011723887175321579 -0.03800042346119881 0.5416191816329956, 
-0.08576204627752304 -0.030415300279855728 0.5852186679840088, 
-0.041535262018442154 -0.05614640936255455 0.5707597136497498, 
-0.012239595875144005 -0.06541728973388672 0.5703905820846558, 
0.20716749131679535 -0.054163459688425064 0.5235306024551392, 
0.23238013684749603 -0.02953229285776615 0.4912688434123993, 
0.23227687180042267 -0.0002917776582762599 0.47624704241752625, 
0.22003798186779022 0.02327684499323368 0.46609586477279663, 
0.23232802748680115 -0.053971514105796814 0.47604233026504517, 
